Subreddit,motorcycles,askreddit,libertarian,conspiracy,iama,mma,politics,techsupport,mensrights,hockey,canada,australia,business,hiphopheads,askmen,sex,guildwars2,news,relationships,skyrim,music,askscience,electronic_cigarette,squaredcircle,wtf,okcupid,science,movies,anime,apple,cringepics,pokemontrades,bitcoin,twoxchromosomes,christianity,todayilearned,politic,offbeat,guns,android,frugal,pics,debatereligion,fitness,photography,pokemon,aww,unitedkingdom,technology,tf2,gonewild,minecraft,buildapc,funny,games,askwomen,wow,worldnews,books,fantasyfootball,gaming,videos,baseball,adviceanimals,diablo,teenagers,cringe,malefashionadvice,explainlikeimfive,cars,soccer,asoiaf,leagueoflegends,cfb,makeupaddiction,gifs,dota2,starcraft,dayz,nfl,random_acts_of_amazon,relationship_advice,drugs,nofap,programming,atheism,magictcg,trees,economics,nba,amitheasshole,singapore,shingekinokyojin,naruto,marvel,tifu,rupaulsdragrace,lifeprotips,travel
motorcycles,0.9999999999999998,0.09945117718751464,0.02973397653142968,0.07470874912163111,0.38257046922808335,0.08703449847969921,0.16071644043942332,0.29211285271976095,0.008230897710153909,0.10417864229573295,0.2100451678549068,0.2274538643100213,0.15402599802325734,0.16598650352014824,0.23819988755319266,0.12145644387890561,0.13912098555958186,0.24142816692784058,0.2701636272957072,0.1346254982651114,0.14747084976959857,0.32258465293129657,0.25817222480452395,0.08403151723032551,0.3589183346430757,0.35564453551659725,0.2984704483906037,0.161079244661174,0.15814245452736025,0.2649461756321007,0.37142928540550474,-0.01222113116337789,0.0223050944017263,0.27473537326675734,-0.0055682885757266844,0.1850598044452338,0.05870215607896648,0.35836271717970125,0.4074802988046992,0.31084336385632355,0.47098008718077694,0.38945771230126636,0.2515108402910742,0.40738690447815185,0.45194742363546225,-0.09889272073215093,0.3468430531368279,0.2759846069948684,0.25214852366729495,0.03594043171602118,0.035637961673245094,0.05170888990325784,0.3127985407793612,0.26108816592772005,0.08706499602953585,0.2384259684661586,0.26690993273923347,0.2120804376635382,0.31624404155244246,0.23319429392423002,0.114508561479666,0.3428791430583467,0.1401084065637065,0.2488860395128036,0.2135591197621035,0.13819018183610862,0.3459533956518414,0.38910539617669104,0.22346006016827125,0.5367657101515599,0.12029158691556671,0.24522139038860902,0.07797255197023904,0.11767187816044702,0.304042971117178,0.3373668454559699,0.027848117318390302,0.02493782082778092,0.16226461791557167,0.16475297484721813,0.07350036746928779,0.32791558956484196,0.1986861023361453,0.09110306439970597,0.17090711513659973,0.23038754512782963,0.2083249203128254,0.19992772879443255,0.13800834997141123,0.12554682352743315,0.41207219663403816,0.25166738874510486,0.18691527925810592,0.22507099449731024,-0.012216544110132885,0.3477667787249442,0.2239352648837824,0.3992351029991157,0.47236014467005033
askreddit,0.09945117718751464,0.9999999999999998,0.09216759787079512,0.0793646487898799,0.7289997231590215,0.0607737880012817,0.13198489379774359,0.25095958357895526,0.13252147014763682,0.09632194873365703,0.06159001120006885,0.10360558953836232,-0.06389634369862104,0.11446291561862013,0.528104243220592,0.39336982340860416,-0.036771086938601684,0.14950203069287424,0.45271806579553764,0.2462520076300386,0.2367768174991846,0.5905944402300671,-0.011835403587413057,0.034690861012406975,0.24160301713271015,0.19243592004141236,0.08866450904270466,0.2580853144668026,0.10419503333675643,0.0934383159687932,0.3573806190184051,-0.015596674581704831,0.009821740900047365,0.2515412730798675,0.15964108335841326,0.37112361353841994,-0.006994209676858385,0.0021107487013016096,0.12327378606152142,0.1109104777042986,0.3535222721826777,0.3863857911841425,0.3220049627700447,0.3285067620071116,0.04165646524785355,0.15236748043719783,0.2793892305316259,0.07171756514864254,0.07858123054122186,0.09143683888884101,-0.057165143925348993,0.1721627503843849,0.11490816683607545,0.34381474089957986,0.03046420604831804,0.48355834774874873,0.05813500293369489,0.19984557278558027,0.2281367692610744,0.11058267807895275,0.28155069867691385,0.2582024843523182,0.1046222010307234,0.23523880805537456,0.045245403746933865,0.17351585680276232,0.2887475501413267,0.27598542552092875,0.6785895082895759,0.07318284450712877,0.14594332669254584,0.2521130067007324,0.10948411379591555,0.047893421859820734,0.057904248928532284,0.2654451465083947,0.03447308081465,0.0636711316325407,0.06679805526836644,0.1375429015416067,0.08187134561083262,0.5038261406652736,0.11050689340917355,0.16913391643343578,-0.09281360731324993,0.1783858805071249,0.14352197204580303,0.12577982984291425,-0.05054246700123753,0.14831306321324977,0.5047525861883504,0.13038383096475584,0.08691597321803414,0.17276516051245527,0.07447858106104419,0.6979875829206023,-0.062110638654592806,0.6391113660451058,0.070876439712693
libertarian,0.02973397653142968,0.09216759787079512,0.9999999999999996,0.6253059364890465,0.22604843559387697,0.2934935119217183,0.5548894901694916,0.049948700011426456,0.7213765514077999,0.23047472944531155,0.3445344539497198,0.23099339411489775,0.42451501124551905,0.15640487343239276,0.23468956111971911,0.2593675495698761,0.11241455588039938,0.2662339584245676,0.23343778323736175,-0.01781451871173934,0.103871932245017,0.22539986717257415,0.14065806152519394,0.15849644923998857,0.16637486688756858,0.21138515011528042,0.3440821509331231,0.1272227322972714,0.006409233097332472,0.21124372182376194,0.22163160898328643,0.09644083980043253,0.3483224519356349,0.4005360746663337,0.44978216267126647,0.19263174275890455,0.6790291975749981,0.4973452580655092,0.3231116195430118,0.15573203248591136,0.2602765607523405,0.10120846297199856,0.40438972395903705,0.08937904277782527,0.007051586297306142,-0.0868187365373401,0.009492900864834498,0.43402040569884837,0.3351459038649437,0.1216175369141374,0.3492874847209162,-0.012589093818115831,0.10437662977159706,0.1305095518859913,0.15125660902627777,0.2146993251794326,-0.0041316444332100116,0.2587385974734149,0.20017963417492607,0.16007775391979706,0.09068196089150621,0.09173847828274904,0.2260728933310112,0.22778215974560995,-0.07661782675477309,0.05540480958762934,0.3150102272585903,0.12793901214358355,0.15118801850586752,0.13131436404380983,0.16283873120617384,0.2698430601063358,0.057277455465237166,0.18814814250440734,-0.03720007327630334,0.1262772064777605,0.22852386452288567,0.08717297325814677,0.06228755775447197,0.25130016541400985,0.0608563238948104,0.25984255631355135,0.35923129945484356,0.269889225135256,0.4380074553932385,0.39925606153765936,0.023833538221495525,0.22683993990710638,0.7047552710533818,0.2604507108085487,0.3029417479051188,0.1973148646391265,-0.12530638958125276,-0.18653994244510708,0.05412098114223595,0.13392084410383326,0.24276491510037768,0.18281947088513856,0.10545578316862847
conspiracy,0.07470874912163111,0.0793646487898799,0.6253059364890465,1.0,0.22932816052957078,0.22047506612825357,0.435150218078156,-0.051897647399306766,0.43229035968721385,0.31519065328224527,0.4100245847078645,0.18683508584156627,0.30895469169366774,0.12985718294464066,0.1665730365068464,0.12693152209715258,0.08716538289958556,0.27390767209817124,0.17928897760200432,0.050259548733108596,0.15147420804916545,0.22583949372387646,0.15487519530433916,0.05167881172183857,0.28324485670475363,0.1728095659910859,0.3328970726328986,0.12113363587321921,-0.05207811243052713,0.06041508289728127,0.21974434967504947,0.08272560299204074,0.34579032663104614,0.30129729716734965,0.46135439871338707,0.25936838992351624,0.5316353377571554,0.35338460668025695,0.2495018207366621,-0.03618030121450471,0.16315401033883506,0.18527084713140235,0.4124779565192205,0.012171909589758334,0.039036752119426664,-0.011353129627481334,0.08845096238497377,0.34968865861251985,0.2515299079603168,0.1706366926536778,0.23307889789167796,0.0025795836290055177,-0.013894763652523422,0.13373019700127153,0.1214971145868635,0.18959004997636913,0.014335624549192329,0.328282997290652,0.045447570979445774,0.261547781600714,0.11687543332873561,0.18686204664851688,0.08883032236000937,0.16128925531670704,-0.09388804437539858,0.09921382233433315,0.3701353809460418,0.11497442983380546,0.15131037107970263,0.10861590422468573,0.19485959405383724,0.3027379987501927,0.16244769296691475,0.17695404371727297,0.029168414691656895,0.2329878764849242,0.10936758120964182,-0.02182257269981525,0.10548087818911822,0.2360595766292653,0.03817824060889648,0.20587732923796598,0.3310120457888075,0.29453246402750854,0.3234567231316102,0.37190075243531,0.06700045241961729,0.17668146331287118,0.37707383016168305,0.2081378773926678,0.28272012851391226,0.1594781672861646,-0.051277653340755944,-0.09151953580087065,0.07038508954999247,0.13120694895382728,0.24190515008893576,0.17062633807943003,-0.009901682059621351
iama,0.38257046922808335,0.7289997231590215,0.22604843559387697,0.22932816052957078,0.9999999999999999,0.1442552783463772,0.304658008980736,0.28547512610854353,0.2331567126117482,0.2186189560593119,0.3295107308119842,0.24426133354951862,0.027803747950434856,0.1688300094932706,0.6284953871909185,0.455537333090581,-0.0608723765462562,0.28707951182215335,0.5768976036108305,0.24923588941183802,0.3952085746836341,0.7446252576814668,0.09393873699264266,0.0805780990172312,0.44601760561162485,0.45520758049356647,0.32828212055168804,0.35697401428237047,0.08577639083689967,0.19552932900541406,0.6258635483399857,-0.043659380557230315,0.06660695976475317,0.5602334240425231,0.2696840342404099,0.5702922913632319,0.137341598736315,0.32000010553527697,0.34366896958141574,0.17688598703668984,0.6172277000148025,0.4862560900947388,0.5141912563578633,0.40129076025008736,0.2637607331726313,0.12089886385852983,0.3923583889196127,0.25203696253492924,0.18318896827977177,0.09633463969754848,0.010383518462780825,0.2160494410084303,0.10305917554093448,0.46139128601801394,0.13283787768476055,0.6073083524829072,0.09472933127028449,0.2993237881426065,0.5056488746614904,0.16777827711592613,0.2775976666794936,0.3473209029778938,0.23279715924900826,0.39071704480939606,-0.03724475489292613,0.2700642427924373,0.5133603595196783,0.40559835781788445,0.7442403127104703,0.23675779156273805,0.13113975852014892,0.41017409543332156,0.058805828630623405,0.1872237560223685,0.26207310989751664,0.39889618443263264,0.014417586415564024,0.009851089721999707,0.06229432304324957,0.20606460834072882,0.14623315774518342,0.6083819966070947,0.3188636549883927,0.22462272099514474,-0.008717729440221481,0.4147830198328523,0.16717122290142095,0.27963740277891214,0.12165022077763601,0.1396121961589989,0.7042789672010532,0.24643453649916597,0.0746756380531334,0.12840127086717099,0.18150275491246645,0.8204117895609639,0.127294711170076,0.8328780920637924,0.2525772607753022
mma,0.08703449847969921,0.0607737880012817,0.2934935119217183,0.22047506612825357,0.1442552783463772,0.9999999999999998,0.05791232274722814,-0.059277092638668656,0.2135462976821701,0.2625875780542434,0.230236262960145,0.25237750338819936,0.15466544651316838,0.3499853142512102,0.14555662946397618,0.20417788054192143,0.21557272925452628,0.08410997864506074,0.15258473266204609,-0.08027009648944468,0.12652228759994608,0.024836050143841142,0.05118157961874024,0.4001246721452894,0.2233567228274091,0.2477606359503834,0.13536455764664584,0.17194851574375514,0.10488882757925472,0.22930299494345968,0.2239754590529402,0.16222694905205493,0.20425214026821156,0.16281144929679647,0.1079079376982053,0.07007990752035281,0.371952261845262,0.17079840142062547,0.06216770313280171,0.0975041132904852,0.07065024973603193,0.11402008477638113,0.1400429450118324,0.10925269414777808,0.17421467856195813,0.06165750580657992,0.06203203824077251,0.2545455949724579,0.08025776794691744,0.08406114966864028,0.18527158780321662,0.01684837328208188,-0.0843617372780645,0.09777360709620712,0.17458842864590127,0.13003570943733597,0.18852563250103632,0.058854470668655845,0.1623523393804422,0.09819911390331416,0.021790853173637527,0.1750108413909804,0.21986711491931854,-0.010047198183784774,0.046750442960291454,0.144459720032522,0.3521804647871173,0.2206383159189735,0.04510692861053225,0.03760890244086747,0.2358753427800396,0.1636123412621989,0.010769840109877547,0.10908279984888898,0.1371390333359036,0.24892184527437372,0.10879928595017495,0.05159030205859286,0.18723787193157765,0.2677396457948401,-0.010299023229823408,0.18297151013635934,0.18766118657623043,0.12204199611631936,0.2005895097973852,0.05315246314376969,0.20632162573138946,0.13997720455758345,0.28510144287355055,0.25329786955121747,0.21704008160002602,0.10766261124816573,0.0382742686715444,0.16155392971829152,0.2676638141550073,0.08082481138303485,0.1268176992242625,0.05031776238757234,0.28500208072750316
politics,0.16071644043942332,0.13198489379774359,0.5548894901694916,0.435150218078156,0.304658008980736,0.05791232274722814,1.0000000000000004,-0.07722038730265761,0.42031704833726313,0.1186233093296126,0.31076846398189173,0.2940617119727618,0.24117693424578174,0.15633988906732013,0.12565673075052047,0.047586719284200815,0.05741860298902067,0.4927779157769382,0.10987179185337093,-0.03367617574340546,0.20026056707583872,0.1641406373369046,0.05833532290876731,0.18494260419664166,0.23834512696607696,0.11608012729065406,0.5511731465459051,0.26598328137083177,-0.006094555709660051,0.19277077141022192,0.17832840357340232,-0.009838635169150624,0.15226676480299642,0.41027659741322253,0.2796784098659816,0.3324297045491138,0.4831668677069457,0.5943821324740857,0.31365109194850116,0.12494789914827484,0.22268180812039823,0.26286482393322574,0.2983521519595156,0.06330720485766024,0.06010673720159114,-0.07958252124669007,0.1589406021185094,0.28000142364703295,0.41846812484311124,-0.010384733445496628,0.18346927039343575,-0.14127250237058075,-0.047977805934884425,0.18736004275171958,0.22126259088736394,0.09995157763418319,0.08435756317726811,0.4913617190465108,0.24581109771648635,0.20484002295003118,0.14263862713281095,0.2147424057874125,0.22763360972461322,0.20244946305540606,-0.04437597395442517,0.10212624414126024,0.2411753694457217,0.03762180660574596,0.14929132196460798,0.17028220000981242,0.26577552431887286,0.3262401339001756,0.11646110741472945,0.3517442356581105,-0.029248464583128846,0.2312369363758756,0.2379985650430666,0.16472669967526196,-0.08092857648648524,0.32656456440011605,0.037487955920304496,0.09720095669738901,0.22908683880269864,0.09720027125981118,0.2504744635316255,0.4216744183358655,-0.14325723106186394,0.19196262427565203,0.43489251278566154,0.2732124270639268,0.1652678299362667,0.2871352753518329,-0.06042324207016289,-0.12467250131980623,0.09731735394267066,0.07996115699951929,0.285704909222972,0.2318973196144106,0.09483830331628978
techsupport,0.29211285271976095,0.25095958357895526,0.049948700011426456,-0.051897647399306766,0.28547512610854353,-0.059277092638668656,-0.07722038730265761,1.0,0.037594626773069094,-0.0356676227169393,0.015493376486026816,0.022821358491200865,-0.11240442129814854,0.009707514247232159,0.2605159813741573,0.06992599636271228,0.3902302987684846,-0.12972862452085857,0.2151046570679334,0.550456450845757,0.12392045820403352,0.5249484879266404,0.21789498379200678,-0.14079454411283915,0.08140020260147826,0.2274124045712977,-0.11871087915737322,0.04637218477402055,0.22898283914003587,0.4316586905313428,0.25533617603239556,0.006758333431177793,0.09472539197961616,-0.04822203397214446,0.08174667835703647,0.15739159358578955,-0.21851819641392478,-0.16415959333109775,0.22417372938961308,0.556438580947617,0.3903333992511542,0.1106040540100892,0.3194651294708428,0.38834691361147433,0.22481129367724656,0.1572509648867868,0.05531148149088416,0.13193477520684324,0.04879747565210799,0.2744396752303152,-0.1808322221431261,0.39628839497836676,0.8411987864267247,0.07253269143248342,0.22687416088761175,0.1586878923999498,0.3004292105608024,-0.09392551516577244,0.07171763833097625,0.07453496512813082,0.1944256954333238,0.058531513557867024,-0.031062455920189126,0.15916112625252196,0.5145856082508704,0.07766247946598595,0.23831166524748965,0.49143913320499744,0.507615751939678,0.18132946344220707,-0.011554238707915783,0.3322975588166107,0.1831642441366565,0.04851268378123154,-0.09446686587611974,-0.04744202618637025,0.22876349338628327,0.2508393190613776,0.4434354860364227,-0.005922844110985276,-0.03166051464454998,0.2899598564674135,0.08047826858427874,0.05738987225167434,0.14390204978645266,0.1559187699890684,0.2884155776850065,0.030375179113571297,-0.10395503010453222,0.010942603848740544,0.486814082011306,0.3103418329020573,0.3865135339115298,0.37127287899464134,0.09335753958666322,0.3796171679222144,0.019259780520030384,0.3809926865511069,0.049804784289860064
mensrights,0.008230897710153909,0.13252147014763682,0.7213765514077999,0.43229035968721385,0.2331567126117482,0.2135462976821701,0.42031704833726313,0.037594626773069094,0.9999999999999998,0.1429995613255834,0.25707120657959304,0.19421181108510507,0.15973362515556416,0.1705841517136324,0.3218188733020798,0.2406684097661237,0.08206562100679567,0.27384491590390964,0.24568831548060077,0.06380250266776616,0.0634822693937521,0.3011014386342295,0.2152772117349271,0.14760007492782806,0.21014309747882165,0.2012115845682509,0.35695403336203047,0.17329472731338916,0.06634236392670192,0.18333764038254666,0.30868110287251527,0.04574477054478914,0.17516670854676444,0.382306730386077,0.40355525090078764,0.3041894937820761,0.42608272743946934,0.4321009079510254,0.38181994278061593,0.14031626741870726,0.25489265725994004,0.16917672931222874,0.3920519490753408,0.0999955308873676,0.03968871764230226,-0.07412882674218868,0.01614385903336281,0.4268304089007342,0.2651569858267945,0.04369986235861093,0.203297287610132,-0.11173653499091221,0.0014812203377640304,0.12949350747276483,0.11727364993563655,0.24554183777993763,-0.003897688129899657,0.3004742334975192,0.1286865225027557,0.19148014835271826,0.07224369427033885,0.14363329320753124,0.2771887094207439,0.27035372487779435,0.01591622065078968,0.227929869471793,0.3680065229934548,0.10977307713150303,0.27887902555019756,0.09126635441857033,0.12061642712359891,0.3164066691799804,0.11034809032301925,0.23568906314418575,-0.0924345969658128,0.14913381263733172,0.2832105879868108,0.17330489720695313,0.004607147978294791,0.19810883101753873,0.1445712897954817,0.21201246906329474,0.25605864809110995,0.23616660048620564,0.3786646623220633,0.46697871524140633,0.14506086360112513,0.15173849380268123,0.4929054449290997,0.16291927005211307,0.31811386197116465,0.1806899583961965,0.039758193651701204,-0.07932358363107542,0.14068758933987863,0.18844329523255288,0.16918018797718776,0.25755320658756437,0.05389136691213432
hockey,0.10417864229573295,0.09632194873365703,0.23047472944531155,0.31519065328224527,0.2186189560593119,0.2625875780542434,0.1186233093296126,-0.0356676227169393,0.1429995613255834,1.0,0.46264477367547485,0.20804520164527057,0.19811053637825665,0.2869229132346308,0.10117451885479506,-0.018176113721670863,0.050552589352023204,0.11317552709473472,0.08500011275360912,-0.024579281040940468,0.05687620648169037,0.020700591040655105,0.21675706844758563,0.12082271414710942,0.12695361755507478,0.16271212756872291,0.052983091376882105,0.09536535978739029,-0.030162624465118592,0.0599517823947002,0.21383971893715342,0.10533481575286768,0.19163188357865882,0.07005097428047677,0.16139895419515568,0.12636521575534043,0.28799070158339,0.23346949799762676,0.09528508788894814,0.14052878229686322,0.14055021240815727,0.18355228122246597,0.13610944283418264,0.011776257312314051,0.20939621709077522,0.06482647445026714,0.17759724501380952,0.2437369245698618,0.08206388434660716,0.07125717009488354,0.14183752392627172,-0.019111440737146712,0.05289421858851366,0.1343777849937482,0.06285266321394971,0.07431388600732902,-0.04300740366367917,0.16135112251607384,0.1439983916989055,0.4261242248390297,0.04152950490414289,0.11226918086034215,0.5937025841942909,0.17382658707870852,0.030628782466941343,0.2197295887703363,0.19271522091661458,0.2676369300377443,0.060160575308055256,0.0901245107827443,0.23939046127553182,0.31449478638705936,0.10430825931654884,0.3869415934934407,0.23684957696750644,0.21904330739147765,-0.014037246122049814,0.07095754209900862,0.17589278921498336,0.4357781419661786,0.19533823781888937,0.14702988833638198,0.08418402889371374,0.08496599827093541,0.10728794909553269,0.08542407969589935,0.18852649001720667,0.10814810256954877,0.2104929163797967,0.5046504148799967,0.2517662527899529,0.06338677278280458,-0.039091223147829826,0.021343577270492645,0.18593932171569305,0.10643245560751291,0.11486679876756226,0.0795749289717573,0.19478056930228813
canada,0.2100451678549068,0.06159001120006885,0.3445344539497198,0.4100245847078645,0.3295107308119842,0.230236262960145,0.31076846398189173,0.015493376486026816,0.25707120657959304,0.46264477367547485,1.0,0.40292666433775226,0.28084341714613137,0.10255058460000616,0.16163542033242928,0.013448954834496896,0.03972259711540398,0.16793441901922135,0.10496956217443247,-0.04354509213876946,0.13264902261617548,0.25586147772553514,0.11506127576895323,0.08399612986327329,0.23338133209984768,0.28711675764119543,0.4066044512056767,0.10735973108157716,0.010144072478008068,0.21108530824132937,0.22560080090616935,0.054159828036420714,0.31764938330510406,0.3160263334994674,0.21903846907166608,0.2277292755830213,0.3647126248160927,0.4973115933169421,0.1247240527194032,0.09371571881452473,0.28737624355328817,0.22122012618842662,0.35963996018365785,0.12065572502688583,0.250982697233439,0.04129944358335771,0.11374941051633797,0.5204100476718849,0.3337716783418778,0.03767742921645224,0.03120152891063099,-0.0359718121465612,-0.03839915005610807,0.14091656223460358,0.18338551604185144,0.17329017018122178,0.07349836192783386,0.4249377898511162,0.30533735404657925,0.1974500237567388,0.06033334758205362,0.1269600642525691,0.2939643793214527,0.103618580999398,-0.05778749628662087,0.10866555733881701,0.23139415829293103,0.2827660040204435,0.15526110582655964,0.25487680731700596,0.243961860861865,0.320782212276834,0.14244654752809288,0.22179342254825235,0.17746516033008236,0.21955518759455164,-0.08865671560412519,-0.030823635852695125,0.07515983550744196,0.1819303944347228,-0.003322945356355172,0.1479518218281568,0.18353339532623414,-0.018643365733179547,0.32315208192262235,0.27091953073803804,-0.0030294224817144777,0.050127421127535425,0.3369702778577395,0.1464689616551249,0.23564724297956827,0.30291471508715323,-0.05072567222634397,0.0054768957518918915,0.17746974347907557,0.09514682722884615,0.1823990778240946,0.19349569354547827,0.31231163078097396
australia,0.2274538643100213,0.10360558953836232,0.23099339411489775,0.18683508584156627,0.24426133354951862,0.25237750338819936,0.2940617119727618,0.022821358491200865,0.19421181108510507,0.20804520164527057,0.40292666433775226,1.0,0.14439504448876642,0.002593981299592164,0.1284633183773913,0.10197458712142389,0.15478475896324978,0.220299254395104,0.14839698951230096,-0.06313104194352684,0.08366152816831104,0.18740564723288827,0.16295866498567663,0.12719501045574272,0.19466603261530466,0.22523253533930915,0.3851293022354255,0.19802091273080563,0.08017254377263047,0.2207265951838634,0.14936889367092165,0.0959295980018605,0.22360285906020433,0.30674252152599646,0.24450049092174114,0.28662513109113763,0.289965660554738,0.42568896724682087,-0.013948584854449872,0.21688995838611458,0.2318783482005081,0.21170953968972733,0.2596972836708847,0.05521503529296718,0.31000970709065634,0.06794899786370961,0.2220764906750692,0.3708743769420876,0.295112172439864,0.06400051123053549,0.19306622991178016,0.07741569603199411,-0.008535318387713334,0.17739472468564954,0.1052771407221503,0.15868619280339005,0.0954171411270378,0.41233291483855783,0.30976781122260616,0.12479955456121694,0.0367174678764403,0.19511541078115854,0.11602397894618326,0.11560775390984888,-0.03263545792093387,0.24430059112839625,0.11763252024997747,0.19939303278851692,0.12987720583855591,0.15333780909743283,0.21002154162734749,0.29180524133894925,0.023942985592794182,0.1791890100421355,0.2749954007321968,0.24773928763631015,0.16964220450031625,-0.0029631372269743467,0.06318013071317874,0.12785334294763329,-0.03086113286356934,0.1551169705464327,0.10885182141913445,-0.07214856258895821,0.30846225561641916,0.21939103228502305,-0.13819494378395528,0.002895758087509727,0.2599557669982967,0.18335852026399702,0.19715725284131216,0.4090822666899768,0.10731712400385676,0.09416149732015022,0.16831974446954517,0.10247324222938663,0.14581811684803694,0.1687861091836876,0.4064515861599505
business,0.15402599802325734,-0.06389634369862104,0.42451501124551905,0.30895469169366774,0.027803747950434856,0.15466544651316838,0.24117693424578174,-0.11240442129814854,0.15973362515556416,0.19811053637825665,0.28084341714613137,0.14439504448876642,0.9999999999999998,0.06937500453341264,-0.04084872288062588,0.13680191103129005,0.0018821415982270343,0.3504362374074271,0.10952784982639917,-0.2672493668265461,0.11015932624626473,-0.05634126691728239,-0.010830002823982275,0.06770384840681586,0.04190370837849773,0.06686341918752142,0.37193665576139984,0.022192377840604696,-0.016785597890198702,0.1684364183586892,-0.08531003460779273,0.22915879057208444,0.32101414574485754,0.18627096038452673,0.018488000018331556,0.04290595114155355,0.4943638706394072,0.4711430928856152,0.13238101900268043,0.09780853273235077,0.26315647116890684,0.013481061673648528,0.03604366250211555,0.023593019260752746,0.25349777793435835,-0.0678451848198813,0.07168419269571806,0.2606932559007812,0.46938199898335514,0.012436072211139224,0.35802079400374665,-0.0706853451202756,-0.019268930483667533,-0.04365365214270689,0.20653006403572988,0.03723335154224312,-0.07204325593990893,0.25337254245758045,0.26595460216021877,0.09820084027067427,-0.006006545797709151,0.013540609678715936,0.15592633086340263,-0.02147041411815863,-0.03238930514643613,-0.0802967282871945,-0.046412657499897196,0.08659835337516628,-0.08860094941022104,0.2492466310337329,0.19945641935897795,-0.11882542240562452,0.1868703904564613,0.09179667795833779,0.14165577302504417,0.15945392976404793,0.029816655381921152,0.21815724944080883,0.08676619132176248,0.0222553688946329,0.10705098197985685,0.18497480188929746,0.13746279817600288,0.07342242971977436,0.4557912978985751,0.004981959546577659,0.07208802506072495,-0.017826983985547176,0.5411449378023858,0.1296412362510337,0.11458656679564304,0.26708467025531935,-0.25461852475939273,-0.26171801921211213,-0.11063388155326354,-0.010269483303165978,0.23729064396685412,0.17562472722870606,0.3798231120622916
hiphopheads,0.16598650352014824,0.11446291561862013,0.15640487343239276,0.12985718294464066,0.1688300094932706,0.3499853142512102,0.15633988906732013,0.009707514247232159,0.1705841517136324,0.2869229132346308,0.10255058460000616,0.002593981299592164,0.06937500453341264,1.0,0.24638098064920516,0.13429829583724312,0.023251905461405722,0.08648847458761481,0.17148689568990344,-0.009771618981124473,0.3219825379054633,0.015497054816047393,0.07455336880807016,0.2889368939285447,0.10155102796840101,0.21576195914817337,0.08902503173050075,0.19364819431330405,0.043621651620521076,0.11699855855097754,0.32666820187916074,-0.1160059865065603,0.041795696654158845,0.15061252578633672,0.1961422618888718,0.0754333175872586,0.16955464916970903,0.09569088764555948,0.15929318554283128,0.035204950050876024,0.10185278182841888,0.10539500015094273,0.11234402224189606,0.2539133241843219,0.03205199686979178,-0.17757867094986418,0.023913597736820114,0.17094427245890076,-0.009920081725697654,-0.07918878312712667,0.27015417176633505,-0.098565401710233,0.07549261895851767,0.06472082317206083,-0.03046777143099844,0.18734698029948865,0.05670332396278839,0.12862885360270512,0.15878969203064514,0.21932386837076187,0.014732422704562192,0.1519933098083157,0.3130762954003411,-0.0032350760317518944,0.1519960449825899,0.25640797452213904,0.4496837084165407,0.4429853546360729,0.10745533693224936,0.056683146272888604,0.34014458028446515,0.24407177173908823,0.09195332917596435,0.15186918285950837,0.09010564221021558,0.13689820586904228,0.10014545800106064,0.1520155454189792,0.18606376650889017,0.21878295559161537,0.2646988815700218,0.2276106904127849,0.36267434922370595,0.194918029112913,0.08630210370692816,0.13294778390639517,0.16766263886571392,0.29691312179097973,0.16892288961364738,0.4432047156811607,0.2695892107299401,0.1853755870307962,-0.018999589001089986,0.1394785496687435,0.16233671363506938,0.12393109324360695,0.074782507650651,0.06475538571662777,0.12951586334570298
askmen,0.23819988755319266,0.528104243220592,0.23468956111971911,0.1665730365068464,0.6284953871909185,0.14555662946397618,0.12565673075052047,0.2605159813741573,0.3218188733020798,0.10117451885479506,0.16163542033242928,0.1284633183773913,-0.04084872288062588,0.24638098064920516,0.9999999999999997,0.7832334388873137,0.06331747957093141,0.04481608634376898,0.8797590417085918,0.1337567940719311,0.13042283406630917,0.5855821296856146,0.29953541206310574,0.09766944457380547,0.0764058362748527,0.6933521797202993,0.09722253739427346,0.14067075348731947,0.1713726284756721,0.13745758776301367,0.31200711234227185,0.07739893447212179,0.06990157927517923,0.5313372349808853,0.394740738045688,0.21003307023840373,0.18853890693307587,0.04969070552066237,0.22672938448054053,0.10044190376475452,0.6375343961459422,0.044240489940163163,0.6408582191089917,0.5989334935636172,0.14504091549109463,-0.035503883322508215,0.028335306112271596,0.20215594006146895,0.008765387897186814,0.015232102319730219,0.1999270632939335,0.010767626058900914,0.03828880679187477,-0.03470633228798106,-0.11450965437785009,0.9313272279712559,0.003048165297901766,0.05993208289602554,0.2943286713036167,0.276026222225616,-0.09058051430496501,-0.011936347011294313,0.2558680250801098,0.13096978728070457,0.017208189722219918,0.3473978569026672,0.17994005995608714,0.5652840058947249,0.5997298786666084,0.18071925402139555,0.09464383473156553,0.3908767316925814,0.023820090162149303,0.2193468508712672,0.34283942148931434,-0.10379838784385778,0.06150183245681212,-0.039186221408590974,-0.05281825404835476,0.24297543408212136,0.21333643482297676,0.8367349285026908,0.48814222100606297,0.47869006301635775,0.03988788401534426,0.250370542647972,0.24867022993977053,0.22944041500636891,0.16207290952235381,0.19864559263832363,0.6770879645854406,0.30875683198218073,0.2115537285406881,0.21247033555958802,0.07535445669080933,0.6128487254389217,0.1669935826602316,0.5753647010951157,0.27244084672835456
sex,0.12145644387890561,0.39336982340860416,0.2593675495698761,0.12693152209715258,0.455537333090581,0.20417788054192143,0.047586719284200815,0.06992599636271228,0.2406684097661237,-0.018176113721670863,0.013448954834496896,0.10197458712142389,0.13680191103129005,0.13429829583724312,0.7832334388873137,1.0000000000000002,0.13438882275050001,0.09281102767045239,0.8718468753704081,0.02613065220527799,0.13009533707607357,0.3841440192068111,0.2842104003867082,0.02674780913566426,0.09539011069396358,0.5630713394820255,0.18941071579874147,0.12093837913103685,0.17554235122741488,0.069541836653085,0.17756204812809306,0.09718187377203566,0.08736365121559526,0.5962243796987364,0.2814724409507784,0.09988122382194867,0.2961514874566421,0.03448184146325375,0.1400891762658857,0.11798788498178309,0.5117981165942374,0.02157927545044324,0.434153354616273,0.535186882673365,0.16154768119754614,-0.06404088663149478,0.0930566748209175,0.0671618262733088,0.06246952201007219,0.005126865440370686,0.3484972902111876,0.1021687295258798,-0.07894317950412158,0.060967492946694644,-0.07171928943608637,0.8096491088821397,0.0675774541159525,0.09158124133959301,0.35480917562305647,0.07680490759350424,-0.007828936203167783,-0.06325548792812329,0.08198098240607293,0.09704099988129342,0.016530927511454605,0.20013315133864468,-0.009137377617517638,0.36838788231615627,0.39728416439947156,0.18610029932470978,0.013936673566063672,0.08979517545388453,0.063875236122966,0.06369454028000932,0.4794828576720519,-0.051747310590754395,0.060199830617076,0.02852715635825121,-0.06664734685461864,0.0799917566741343,0.18423298688602652,0.7786455885125002,0.5034072250248227,0.4769012524814745,0.1456723002813273,0.21231764226137373,0.16262990495775906,0.3554938732352214,0.26153139656891455,0.07923335364616323,0.49916174078229064,0.2877090477474352,0.11579672808905013,0.1160672158288598,0.013119994763474554,0.4974372303490462,0.13364433244760354,0.4650532567400882,0.299168667409927
guildwars2,0.13912098555958186,-0.036771086938601684,0.11241455588039938,0.08716538289958556,-0.0608723765462562,0.21557272925452628,0.05741860298902067,0.3902302987684846,0.08206562100679567,0.050552589352023204,0.03972259711540398,0.15478475896324978,0.0018821415982270343,0.023251905461405722,0.06331747957093141,0.13438882275050001,1.0,-0.003336103692761501,0.18763351114776897,0.5188107633739705,0.050956503295741785,0.16576391527733972,0.2121923307023666,0.03889145795570652,-0.05202110582448533,0.24750641927638264,-0.022980144016287285,0.0035010822652736494,0.27182690446600744,0.16786411793411002,0.009998137628852391,0.27541137101626817,-0.03655981519494389,-0.03429665322583553,-0.022646153573725146,-0.10157373637644915,0.15342912539610087,-0.13458078805660964,-0.029824530169087527,0.20822882956959354,-0.07769160790882315,-0.09800226733723115,0.12502175578831318,0.23330630094598376,0.013028618806828568,0.32277435788308395,-0.035750270509285406,0.09110305163299086,0.06880976614246409,0.3735789543296928,0.09351815031309392,0.4390570126726955,0.37846373048903464,-0.04974122856408568,0.4302802617616786,0.06830807546468301,0.6893661033635287,0.02098262516112908,0.04312456994797227,0.09321773982739784,0.24648629521855553,-0.05106814265363491,0.04363062905170467,0.03644986806491812,0.7848073534811166,-0.04386040360036316,0.03178707958073107,0.1818331000957889,0.09959622141443233,-0.0023249086411337647,0.08832072278096974,0.33401341858860567,0.46008266847732876,0.16447510841669222,0.11245499796170333,-0.0885651243278324,0.3969748399038585,0.509525663404103,0.4214356307214796,0.15042774619683336,0.04404286893253691,0.23251663914917473,0.004039638570376987,0.10118530626962413,0.22496915757966088,0.0604510890581825,0.44547537054849684,0.05227806563841912,0.043639224597516374,0.12165258064739926,0.3071925920873977,0.2771832028209553,0.4784408898960138,0.5373258316908346,0.16535866397222052,0.06392823044081712,0.1894665933381114,-0.058561153702945554,0.03656599987845338
news,0.24142816692784058,0.14950203069287424,0.2662339584245676,0.27390767209817124,0.28707951182215335,0.08410997864506074,0.4927779157769382,-0.12972862452085857,0.27384491590390964,0.11317552709473472,0.16793441901922135,0.220299254395104,0.3504362374074271,0.08648847458761481,0.04481608634376898,0.09281102767045239,-0.003336103692761501,0.9999999999999996,0.07122536468777815,-0.1847927894430271,0.22701519283914598,0.09857303613870896,0.05714690126054667,0.11756659159530576,0.2257134662236087,0.05982559716205134,0.55309452220399,0.2343619518040752,0.008574440766984631,0.05057229227607271,0.08037918176476977,-0.020200902071503404,0.11796675860117717,0.3061961848688497,0.06947384233026857,0.3769295594693236,0.32596757107510216,0.5728870167465141,0.21881368736483356,0.11201677297501503,0.2116911054368088,0.2758927773331901,0.08254244355611627,0.035744543233314705,0.17554880919359972,-0.13654423435451263,0.146340851654693,0.1511008711075051,0.4102363211862694,-0.0796409752803504,0.20094053417148428,-0.06698446904243377,-0.1016053605676155,0.24738174987459527,0.2643458354331075,0.055337341213926784,0.049522565086791315,0.5550822607682844,0.3656691589721549,0.1467865584301194,0.18806154171500677,0.3078009842587628,0.1685221015788576,0.17828403703454215,-0.0577371626631183,0.02799077568822716,0.1226912325296318,-0.05172943312206827,0.17898541036113166,0.19488742738448145,0.16802697527025456,0.009461540517106501,0.027482835538286753,0.18676685638612617,0.10221518391812039,0.3353356995461232,0.10874254128151763,0.07644362157089143,-0.014429357237481108,0.18897066941516022,0.06930477168197491,0.07218209760248298,0.03946607543896008,-0.09952181900724208,0.25115022714933116,0.15850849861713512,-0.07617136642818959,0.003214313823075231,0.3016578094036937,0.15612724830135838,0.0908330503270825,0.20681291587823247,-0.07465734394797549,-0.1275395356431832,0.010615529679239528,0.1370217722002693,0.04958602312696453,0.39028361780498166,0.25002901871967936
relationships,0.2701636272957072,0.45271806579553764,0.23343778323736175,0.17928897760200432,0.5768976036108305,0.15258473266204609,0.10987179185337093,0.2151046570679334,0.24568831548060077,0.08500011275360912,0.10496956217443247,0.14839698951230096,0.10952784982639917,0.17148689568990344,0.8797590417085918,0.8718468753704081,0.18763351114776897,0.07122536468777815,0.9999999999999996,0.19856714206749876,0.12455713589647555,0.47668142515816925,0.32574394304799137,0.03949670495147358,0.11144885335445827,0.7121955856079185,0.1468330329329675,0.07280059323845076,0.15050750484060738,0.11002258036667731,0.33916904532247283,0.18677030628197885,0.11305810134625131,0.6284258073728741,0.3633867394268332,0.11875318101653387,0.2932939792128247,0.039699374485051495,0.3019778179942033,0.10172934365004185,0.6520045928350948,0.12381577739676951,0.5369158674230136,0.582460618449642,0.23997978447875062,0.061372002984780426,0.20577323458175306,0.12007866140121676,0.01612399646021653,0.08134273360509148,0.3337785898380024,0.15768657736614455,0.05568456093264379,0.0653469841376435,-0.09429581892436421,0.9024020916396015,0.13216766818253434,0.06897108189057662,0.3374294608797733,0.19943321554693325,-0.030085915967835712,-0.06158813779152377,0.12320038974993464,0.1704843643215964,0.11262226887029833,0.34432772869621997,0.09843578719037706,0.5479174462508193,0.48444726278087924,0.24255689468723285,0.03759172096935784,0.27417565590524684,0.14363006999541156,0.14008108071943276,0.5893709037401169,-0.03666792671942694,0.07018737467472075,0.04580121216406041,0.05955703443434862,0.13122109624017927,0.2986382235875381,0.9318252252954677,0.5739364247916748,0.550411668259687,0.10786882038194098,0.24707726160788002,0.343343456035545,0.36387810536056886,0.2032935039288413,0.13589446544574524,0.7278629116253106,0.35102181778803865,0.20079161255095523,0.2144262275101005,0.04188438751701027,0.6252031822619241,0.25045868016882755,0.5383919590812222,0.33708809982205284
